73,35
3,2
3,1
3,3
10,119
10,75
10,35
10,115
10,221
10,2
10,3
9,5
9,2
9,3
8,14
8,5
8,8
8,10
8,15
8,2
8,3
66,3
66,1
65,4
65,3
65,1
63,3
63,1
61,3
61,1
60,4
60,3
60,1
20,3
20,2
20,1
19,3
19,2
19,1
12,3
12,2
12,1
11,28
11,27
11,26
11,25
11,24
11,23
11,22
11,21
11,20
11,19
11,18
11,17
11,16
11,15
11,14
11,13
11,12
11,11
11,10
11,9
11,8
11,7
11,6
11,5
11,3
11,2
11,1
10,303
10,302
10,301
10,300
10,299
10,298
10,297
10,296
10,295
10,294
10,293
10,292
10,291
10,290
10,289
18,1
10,288
18,3
10,287
10,286
10,285
10,284
10,283
14,1
10,282
14,3
10,281
13,1
10,280
13,3
10,279
10,278
10,277
10,276
10,275
10,274
10,273
10,272
10,271
10,270
10,269
10,268
